Multiple size <= 100
TEST 1 ARG:94 44 88 55 81 38 15 41 66 59 83 54 29 7 27 0 40 52 85 3 19 9 71 78 75 91 39 43 99 25 86 1 20 70 21 14 18 5 48 68 79 96 28 90 35 97 82 74 73 50 6 95 34 89 77 58 84 69 42 93 22 30 67 32 10 87 23 47 53 65 92 8 2 16 51 33 64 26 57 60 11 12 80 72 49 17 76 45 98 46 63 24 36 31 37 4 62 13 56 61
TEST 2 ARG:24 60 77 34 22 21 83 55 67 38 36 61 8 53 98 89 16 28 45 63 88 10 91 80 44 87 37 20 57 71 9 49 32 39 40 1 4 12 0 86 90 99 68 48 56 14 11 69 64 94 2 76 7 15 97 29 78 41 75 52 25 27 35 26 46 79 33 82 93 13 43 74 5 18 51 6 65 85 95 81 19 96 42 50 70 62 47 84 3 30 31 72 73 17 92 59 54 23 66 58
TEST 3 ARG:21 1 29 95 57 35 22 9 98 31 91 97 70 73 85 30 5 49 92 39 88 80 65 90 10 86 76 71 32 82 67 40 78 62 75 33 89 4 46 16 74 15 3 48 14 42 51 0 28 94 50 25 84 87 68 54 12 18 43 52 17 93 99 64 66 44 81 72 13 7 34 53 20 38 45 60 79 56 69 58 83 19 23 37 59 24 6 63 11 2 47 96 26 77 27 55 36 61 8 41
TEST 4 ARG:2 53 16 25 93 71 11 52 99 15 31 97 22 1 83 98 59 62 19 7 86 68 36 88 29 14 79 39 43 47 48 35 34 17 87 49 42 46 77 45 74 90 84 0 10 61 41 64 81 96 55 3 95 91 85 27 76 21 4 82 58 9 13 33 44 32 8 24 30 73 23 38 50 67 94 75 26 78 54 20 40 65 69 70 5 6 18 56 72 63 37 57 51 66 12 89 92 60 80 28
TEST 5 ARG:95 80 81 85 45 5 76 24 82 68 27 7 74 21 19 8 23 93 34 58 66 4 16 32 90 63 57 35 10 40 31 84 42 72 25 50 59 0 13 69 88 47 15 98 64 62 77 39 3 91 70 96 36 12 44 52 22 11 46 87 73 94 1 17 79 43 2 28 49 86 65 83 33 6 92 61 48 41 53 78 20 71 18 51 60 56 75 9 55 99 67 38 97 37 54 30 89 29 26 14
TEST 6 ARG:23 22 76 62 61 30 5 21 33 17 57 51 28 8 75 99 24 87 44 35 92 16 85 42 15 38 11 77 88 58 86 84 19 97 80 18 37 7 93 98 39 4 55 36 29 73 91 59 3 14 45 89 96 79 95 66 53 56 13 26 20 10 41 12 43 67 70 9 64 50 90 72 60 65 78 68 48 63 40 52 1 31 2 34 81 25 74 83 54 46 82 27 69 6 32 94 0 71 47 49
TEST 7 ARG:14 22 33 94 4 30 92 18 44 41 13 50 10 58 31 75 56 76 8 93 99 29 0 54 5 36 86 17 89 63 43 80 79 98 68 34 27 71 47 59 19 64 61 46 26 11 69 57 52 16 12 81 97 83 48 55 53 1 35 96 32 40 38 91 25 51 72 49 28 42 82 95 20 62 7 23 78 39 24 67 3 74 6 2 9 66 15 77 88 60 65 73 84 70 90 37 87 45 21 85
TEST 8 ARG:62 0 42 95 86 5 46 32 33 88 97 8 53 15 25 9 60 91 20 90 34 74 70 66 2 29 65 14 16 48 31 59 21 72 99 83 56 1 51 43 73 52 71 84 30 94 39 64 6 58 35 77 63 3 69 38 10 49 61 41 81 24 28 50 79 45 27 92 18 7 93 13 87 47 78 57 37 75 11 26 12 17 19 67 89 36 68 54 76 40 98 55 82 85 4 80 96 22 44 23
TEST 9 ARG:81 57 60 96 21 73 15 75 6 37 55 89 50 56 78 62 51 69 63 8 23 17 33 10 39 5 28 24 36 25 77 54 53 31 59 42 52 2 9 46 47 94 79 87 44 65 90 20 86 29 3 84 88 27 66 98 80 22 83 68 0 16 35 43 92 19 99 67 85 97 30 45 18 91 64 41 14 93 4 13 74 32 72 61 1 95 38 7 40 71 26 76 58 12 49 11 82 48 34 70
TEST 10 ARG:19 36 40 69 15 42 13 75 81 4 0 25 7 62 20 85 14 34 80 45 78 89 57 52 8 87 47 26 32 83 59 3 70 46 44 77 60 22 65 5 66 90 54 61 21 30 63 68 33 92 76 16 91 9 49 38 12 98 29 93 71 2 18 35 37 24 72 11 84 53 27 39 67 94 82 64 17 48 51 31 43 6 95 50 56 88 86 73 23 99 10 55 97 96 79 1 28 58 41 74
TEST 11 ARG:5 6 77 88 63 81 10 78 28 79 7 82 90 12 76 91 92 60 62 48 93 13 15 69 80 58 38 1 68 47 42 85 97 43 39 86 45 98 57 4 99 59 44 49 0 41 36 30 18 34 22 31 67 94 95 61 11 66 54 25 72 16 70 46 32 19 40 55 14 56 84 27 23 37 50 96 83 8 65 24 53 52 75 89 17 33 20 3 26 87 2 73 51 35 9 21 71 29 74 64
TEST 12 ARG:27 26 92 23 96 28 35 68 94 25 55 33 86 15 61 78 9 60 56 19 64 71 82 84 14 10 22 38 91 45 89 73 0 36 43 54 37 12 7 48 79 18 32 81 13 65 30 24 72 47 69 59 93 39 4 76 83 90 2 74 46 95 88 3 49 16 51 66 29 67 98 40 62 75 53 57 11 85 63 58 97 80 8 87 31 41 21 1 20 17 52 50 77 5 70 34 6 44 99 42
TEST 13 ARG:71 60 87 41 80 91 96 17 22 77 63 3 51 47 57 95 49 2 56 19 85 86 23 54 74 67 40 7 61 83 98 35 82 28 81 58 13 90 84 76 89 30 53 69 29 21 73 72 92 24 99 78 34 8 5 88 59 48 15 14 6 31 39 44 52 68 0 65 10 37 1 36 42 32 70 94 33 16 11 93 12 62 97 9 43 55 26 38 46 79 50 25 64 20 66 18 27 75 4 45
TEST 14 ARG:80 20 43 2 67 98 27 34 69 56 81 46 50 93 10 41 17 65 38 87 7 92 6 54 68 86 3 4 40 16 26 13 70 82 83 37 1 9 51 53 49 42 85 25 66 12 76 44 58 89 22 64 18 61 59 47 62 8 5 14 91 35 84 79 33 21 28 74 36 23 45 48 31 72 97 95 15 0 94 30 90 73 57 75 39 24 60 77 52 78 88 96 19 63 11 71 55 99 29 32
TEST 15 ARG:62 16 13 99 72 32 23 59 11 34 33 18 20 94 0 55 58 65 46 66 69 91 52 37 14 73 83 47 10 22 84 77 28 21 5 80 42 53 27 43 2 50 24 61 87 97 8 76 1 15 30 78 82 67 79 29 98 89 75 45 49 68 54 63 44 56 93 39 81 96 31 6 85 3 41 9 40 88 71 48 12 38 4 70 35 36 86 95 74 51 19 60 92 7 64 17 90 25 26 57
TEST 16 ARG:46 95 87 94 97 78 43 17 63 29 93 6 40 23 34 55 28 83 11 80 57 39 45 69 47 51 86 10 1 53 19 38 48 14 26 90 33 96 12 41 37 77 70 5 89 74 8 60 35 54 62 88 36 61 81 65 3 27 99 82 22 44 9 84 20 85 71 64 18 32 15 42 52 66 13 79 7 98 56 4 68 21 59 30 31 16 25 58 24 75 76 50 0 72 49 73 92 91 67 2
TEST 17 ARG:29 38 40 7 53 36 74 58 61 98 34 83 10 25 94 42 4 23 28 17 32 55 70 69 93 85 66 24 26 78 63 0 68 65 30 89 47 50 92 76 6 1 81 21 44 37 75 99 45 82 31 3 52 71 79 67 60 77 87 20 84 13 12 22 91 97 18 62 54 86 59 90 73 41 48 16 8 72 33 95 11 88 64 39 57 19 96 43 27 9 15 46 2 49 51 5 80 35 56 14
TEST 18 ARG:88 13 20 39 56 75 32 5 93 25 27 60 4 37 2 99 83 62 67 49 7 47 36 95 61 12 42 65 79 55 30 16 44 43 17 41 57 71 54 19 78 0 28 35 29 31 53 50 82 68 91 69 64 77 96 70 97 73 26 59 51 11 8 89 6 76 98 46 22 48 72 23 15 86 3 34 21 14 81 10 9 1 18 87 63 52 38 85 24 66 45 80 74 58 92 84 40 94 90 33
TEST 19 ARG:42 58 64 23 67 5 72 21 99 36 94 93 0 61 98 29 8 70 63 54 91 40 3 75 4 52 31 27 6 28 50 71 79 20 13 73 92 62 7 96 9 90 19 81 60 84 34 41 17 1 22 37 49 38 56 2 16 30 12 59 46 80 55 33 43 48 14 11 35 68 85 44 39 97 82 51 57 45 76 87 69 83 10 77 74 95 18 53 89 47 78 65 15 66 26 88 24 25 32 86
TEST 20 ARG:54 44 78 94 7 22 68 25 95 31 21 19 0 88 92 1 24 72 3 32 93 87 57 52 48 34 49 97 15 5 46 90 73 6 61 45 53 84 38 74 9 41 39 69 83 80 16 98 14 59 30 55 35 47 12 62 70 51 91 13 58 27 96 36 4 8 66 60 23 67 10 64 79 40 17 81 18 20 85 42 26 75 29 28 50 37 63 82 2 71 86 11 43 77 76 33 99 56 89 65
TEST 21 ARG:91 9 39 97 7 22 60 10 84 76 66 88 96 98 29 45 40 87 19 69 16 8 62 74 99 82 94 42 46 2 15 55 95 65 79 56 92 41 57 71 6 3 43 27 49 38 0 83 23 54 86 36 63 11 14 53 93 1 31 44 12 21 81 61 77 48 73 85 51 59 80 13 64 70 5 33 4 30 58 67 17 52 78 18 72 37 26 68 25 75 20 32 90 35 47 28 89 50 24 34
TEST 22 ARG:75 73 28 95 94 98 6 41 0 10 27 2 15 74 45 70 93 61 76 84 79 4 26 19 18 47 37 13 82 9 49 48 29 30 71 22 8 86 69 40 68 50 81 25 3 55 91 72 21 90 36 78 52 53 51 34 99 67 46 12 24 92 23 80 87 44 39 54 58 11 16 42 38 64 97 7 83 14 57 96 66 17 31 32 85 77 33 88 43 89 35 56 5 63 1 59 20 60 65 62
TEST 23 ARG:78 82 94 61 34 38 11 99 32 4 22 13 95 18 36 64 28 37 29 92 35 73 24 66 7 46 53 15 62 31 60 19 85 44 43 67 20 41 97 42 72 50 83 79 8 0 65 47 39 54 5 16 63 68 69 51 75 48 26 91 81 93 58 71 59 6 74 21 87 12 30 27 3 33 55 17 2 25 57 70 14 45 86 56 96 80 76 90 84 49 40 1 23 89 52 98 9 10 88 77
TEST 24 ARG:5 78 72 71 38 86 65 60 59 79 31 70 55 30 74 29 88 99 63 23 4 95 42 54 40 33 9 19 20 41 52 21 92 69 18 76 53 89 7 45 75 32 17 61 62 14 97 94 73 49 51 64 48 12 50 35 1 22 39 58 0 3 57 37 83 34 47 2 87 80 44 10 81 28 13 91 16 43 68 6 27 96 77 56 11 82 8 46 84 98 66 26 85 67 93 15 36 24 25 90
TEST 25 ARG:91 16 88 4 92 67 81 32 47 21 53 49 30 74 87 10 22 1 62 77 40 80 15 6 29 24 20 66 34 65 89 58 3 61 38 73 23 79 27 37 17 45 59 98 95 2 97 55 43 96 7 93 50 26 54 68 56 76 18 5 57 0 85 19 36 78 70 72 86 11 39 41 14 84 42 25 90 13 71 52 35 8 60 33 75 83 48 82 28 69 9 44 64 99 63 51 46 12 31 94
TEST 26 ARG:77 15 50 99 7 36 25 45 38 69 20 4 49 44 55 65 89 87 0 84 18 2 71 98 31 28 19 29 3 13 48 93 27 9 62 73 39 6 53 22 16 37 56 51 85 46 86 14 52 79 1 63 97 10 43 76 32 41 94 60 8 64 74 80 88 17 12 82 67 35 90 91 92 47 42 72 40 70 54 96 95 23 30 34 83 58 57 81 78 66 26 11 24 21 61 68 75 33 59 5
TEST 27 ARG:20 99 54 51 59 52 58 33 43 5 8 35 9 98 26 31 17 15 29 81 49 65 4 25 94 57 96 53 37 93 62 36 16 78 83 13 95 67 11 87 24 40 50 72 19 90 38 3 82 44 89 70 79 32 77 21 75 84 39 6 1 71 2 45 22 10 30 68 86 60 76 0 97 42 14 91 69 55 47 85 41 12 92 7 61 46 18 23 88 66 80 64 34 74 63 56 27 28 73 48
TEST 28 ARG:63 66 82 3 16 14 38 42 9 47 28 59 49 53 99 79 19 69 51 21 17 37 75 85 86 72 71 18 12 33 60 20 94 78 13 2 58 36 92 64 7 15 57 41 56 55 30 27 54 23 97 0 29 24 45 73 32 95 43 50 22 98 5 10 34 11 84 83 89 39 40 1 77 62 48 6 80 74 65 76 88 26 96 81 67 46 31 93 8 61 90 35 87 68 70 4 44 52 25 91
TEST 29 ARG:7 9 13 99 50 0 60 34 93 77 29 82 71 19 59 43 70 90 49 76 73 25 2 91 15 98 3 64 1 85 20 23 92 51 88 33 46 36 78 16 11 72 40 48 54 83 97 18 61 56 69 27 89 4 96 30 63 58 38 75 42 41 62 45 21 52 37 35 39 32 67 28 87 94 8 57 86 26 44 53 68 80 22 10 65 6 17 55 24 12 95 74 5 84 66 14 79 81 47 31
TEST 30 ARG:60 42 34 41 32 47 25 96 58 30 36 19 50 31 74 86 48 95 38 7 78 0 39 72 13 77 87 80 57 94 35 66 44 27 53 84 6 1 85 8 5 20 18 23 28 45 68 64 40 62 82 83 21 9 88 90 2 4 99 43 59 79 93 56 97 24 61 76 81 12 92 10 55 70 71 89 67 73 75 46 3 52 91 49 11 69 51 29 33 16 54 98 15 17 22 65 63 26 37 14
TEST 31 ARG:14 11 5 10 54 27 82 40 23 64 35 78 52 81 90 95 25 42 74 22 98 66 96 58 48 31 28 65 55 13 16 77 17 41 57 26 63 59 21 85 94 91 61 99 62 24 34 67 8 88 89 4 79 36 0 68 12 39 76 84 80 20 69 37 50 49 9 19 3 93 71 92 97 1 47 53 46 72 30 75 33 83 44 7 2 60 56 6 73 38 45 86 87 18 70 15 29 51 43 32
TEST 32 ARG:90 31 8 47 88 5 37 70 58 82 69 0 79 65 97 23 76 75 43 12 72 94 26 45 32 99 93 95 36 74 18 13 56 21 35 42 1 48 2 41 77 62 59 83 91 10 3 86 38 16 17 27 71 98 53 52 67 49 61 28 55 33 80 34 78 20 22 87 89 39 73 85 40 50 68 51 81 19 14 46 4 29 54 96 30 24 15 6 9 64 92 44 7 84 66 25 60 11 63 57
TEST 33 ARG:97 79 73 16 1 27 14 82 48 65 25 35 93 89 70 15 32 94 56 72 43 21 36 98 10 81 77 7 87 96 28 59 51 4 18 39 62 6 95 53 91 37 26 38 63 41 11 22 46 55 60 0 24 57 74 2 31 67 75 90 12 88 23 80 92 30 49 83 45 47 76 42 66 85 54 8 64 34 44 17 86 29 13 33 52 3 50 69 20 78 9 58 68 71 84 19 5 99 40 61
TEST 34 ARG:30 0 18 5 68 37 14 25 91 42 56 31 43 26 62 86 12 70 57 95 48 92 11 40 75 61 23 17 6 41 55 58 28 24 67 44 51 36 78 19 15 63 47 32 84 74 77 89 93 71 88 20 45 79 87 72 2 27 53 1 69 10 97 64 66 7 39 34 52 13 85 81 3 73 33 35 16 50 9 59 46 22 99 82 98 94 83 60 29 4 76 54 96 38 49 90 21 65 80 8
TEST 35 ARG:23 76 32 55 45 31 11 57 77 83 99 14 91 46 27 43 10 61 52 75 50 84 71 39 42 53 69 20 33 15 21 51 85 78 25 18 56 90 16 80 66 24 87 67 64 70 36 94 8 73 12 26 28 54 79 1 97 4 40 60 6 0 95 68 47 30 49 41 81 98 82 13 37 72 74 89 22 5 19 59 35 63 7 96 88 93 86 58 9 92 17 62 38 2 48 65 29 34 3 44
TEST 36 ARG:68 91 20 35 77 45 84 55 46 32 5 0 71 74 63 6 3 8 47 87 19 13 82 50 26 51 58 28 86 94 17 95 76 36 37 88 16 66 9 34 15 33 89 59 81 11 29 7 80 75 53 21 56 41 48 64 61 72 93 39 97 49 96 90 27 57 62 60 42 73 38 79 2 99 23 31 52 67 92 43 83 98 65 18 24 40 54 22 69 14 44 85 25 70 1 12 30 4 10 78
TEST 37 ARG:85 77 7 4 56 93 36 17 5 31 21 98 2 15 60 39 69 14 74 51 83 54 6 1 59 70 76 41 95 34 62 32 81 3 42 47 48 27 86 84 25 40 65 20 0 10 66 45 43 8 80 67 29 22 94 11 33 99 44 50 96 63 19 68 16 75 88 35 92 89 55 57 12 97 18 28 24 23 73 49 87 53 58 72 26 52 37 82 38 46 78 9 90 91 71 13 64 30 61 79
TEST 38 ARG:60 5 68 56 77 86 0 46 74 1 97 38 63 30 26 27 47 3 33 62 35 82 54 25 22 70 80 73 44 31 13 91 16 75 39 53 90 20 78 87 76 50 71 34 89 37 83 58 94 23 4 32 2 84 88 93 36 79 98 95 9 57 43 7 64 12 69 11 67 24 99 45 59 51 6 19 40 55 49 28 72 85 66 92 65 8 81 96 14 17 48 41 52 61 15 29 21 42 10 18
TEST 39 ARG:67 97 18 41 34 10 16 6 74 94 36 52 21 43 9 95 76 61 22 42 31 50 78 17 48 4 68 47 20 46 84 80 60 5 73 66 85 71 29 1 51 55 56 23 33 44 12 89 59 7 15 92 65 2 86 77 25 70 53 27 39 0 13 32 49 79 37 62 54 83 3 35 64 8 96 98 57 40 69 81 90 72 45 30 91 93 99 28 58 82 26 88 38 11 19 14 75 63 87 24
TEST 40 ARG:61 21 83 37 65 35 41 34 54 43 85 38 60 8 12 73 47 13 40 81 92 91 39 25 88 7 66 69 55 31 28 48 57 20 3 96 79 42 77 1 53 49 95 14 2 64 75 80 36 87 86 16 84 74 23 70 46 9 99 45 58 18 89 4 71 67 72 90 62 63 50 93 19 6 30 10 26 52 17 24 32 59 68 98 44 15 97 78 94 11 76 0 82 27 5 33 56 51 22 29
TEST 41 ARG:89 74 69 87 66 57 17 20 92 44 88 45 61 70 4 22 9 99 84 8 72 97 60 19 53 10 0 5 80 37 7 3 65 49 55 13 15 28 93 16 50 25 63 68 26 34 47 54 73 90 95 1 71 91 35 56 27 36 98 48 42 59 62 2 33 82 40 85 78 77 67 46 52 51 76 94 12 39 96 21 83 81 64 30 41 31 14 11 32 18 43 38 6 75 86 79 23 29 58 24
TEST 42 ARG:92 21 82 57 38 99 8 43 56 75 61 73 83 2 72 64 39 42 55 53 10 12 49 40 66 34 6 20 69 67 65 88 58 13 52 16 36 23 90 59 89 54 60 77 18 37 4 86 96 47 76 19 11 98 32 7 50 26 62 25 17 27 78 70 48 79 24 45 29 44 33 28 94 41 74 81 35 30 0 14 46 95 97 84 91 1 51 85 87 93 63 71 15 31 22 80 68 3 5 9
TEST 43 ARG:12 5 67 95 13 92 84 24 96 64 59 20 83 60 97 34 43 54 66 41 69 8 25 82 44 70 79 6 17 53 10 49 32 73 52 68 65 29 50 57 89 19 80 3 76 26 7 21 31 2 40 94 16 78 63 91 99 42 51 61 38 48 36 1 14 27 33 86 18 88 93 98 77 47 75 23 62 39 45 28 0 74 71 81 35 46 56 58 55 9 15 11 4 85 22 37 72 87 90 30
TEST 44 ARG:10 40 28 37 53 16 13 6 72 36 23 60 39 74 29 24 30 52 94 8 19 97 64 84 99 47 96 63 48 31 81 86 22 20 14 35 51 42 71 34 56 4 25 67 46 26 33 54 27 18 45 50 66 15 12 70 58 65 44 76 0 93 79 2 78 82 5 85 69 3 21 83 38 9 89 98 57 61 43 75 68 88 92 62 95 77 80 1 87 55 11 59 90 73 41 7 91 17 32 49
TEST 45 ARG:77 13 27 40 53 47 73 49 0 67 41 79 95 71 15 2 52 61 59 30 34 97 17 66 65 48 11 28 23 80 91 32 68 36 64 69 98 31 38 72 93 3 56 44 16 82 43 78 24 86 51 58 99 22 90 8 12 46 10 89 42 7 19 70 55 63 21 26 60 75 87 45 1 50 96 85 35 81 9 76 62 25 29 74 20 88 84 6 37 83 4 57 14 33 54 18 92 39 5 94
TEST 46 ARG:98 24 16 10 60 13 84 35 88 7 86 25 33 15 73 59 93 97 43 64 30 0 27 66 5 83 18 23 48 99 65 44 54 1 45 91 3 32 79 81 61 78 70 82 21 17 40 34 41 68 71 69 8 76 9 58 26 2 75 53 38 80 57 92 96 51 14 74 39 4 55 22 47 67 49 89 62 37 50 77 46 85 36 11 95 28 56 12 94 63 90 29 87 31 52 72 19 42 6 20
TEST 47 ARG:17 83 59 44 35 58 61 45 16 94 57 55 4 73 11 15 84 41 78 52 37 25 56 67 89 50 65 60 0 87 97 22 76 28 51 75 12 79 99 26 77 63 30 18 53 7 86 13 48 19 71 6 69 38 70 23 93 33 10 64 96 95 31 39 3 68 24 82 14 40 42 36 98 21 34 47 91 54 9 92 27 43 88 1 8 2 66 20 49 85 62 5 29 72 90 32 81 46 80 74
TEST 48 ARG:30 45 40 90 76 99 48 97 54 59 96 46 34 70 88 47 10 36 77 67 5 80 60 43 41 38 51 12 63 11 86 1 28 78 26 0 8 50 93 85 23 39 61 71 72 87 33 44 53 52 20 94 2 75 13 56 74 57 31 82 37 32 83 79 92 14 25 7 66 62 73 3 9 21 55 64 22 35 95 58 6 18 15 4 81 65 89 27 17 16 29 69 98 24 19 84 42 68 49 91
TEST 49 ARG:54 50 3 59 73 58 24 87 17 23 89 62 71 44 95 97 68 30 88 85 55 33 6 2 83 47 67 90 40 35 27 26 13 65 4 1 52 14 64 9 32 22 81 46 0 16 57 56 82 93 76 91 7 63 18 99 29 80 36 43 21 25 12 94 69 39 19 28 70 66 34 72 79 98 37 84 45 61 31 77 15 78 20 38 74 8 42 10 96 49 86 11 5 92 53 41 51 60 75 48
TEST 50 ARG:87 22 79 85 17 70 63 0 12 88 52 58 89 23 29 2 25 9 19 77 66 69 50 4 71 31 82 86 32 93 65 64 14 73 76 34 72 8 83 98 27 78 99 90 92 20 81 24 53 67 33 95 94 43 59 18 35 1 68 13 7 55 97 80 54 30 46 96 16 42 75 39 48 47 41 40 10 3 36 51 60 44 61 37 49 84 38 6 45 28 11 15 21 74 91 56 57 62 5 26
TEST 51 ARG:23 36 95 4 62 42 1 46 97 90 40 0 81 27 82 84 6 51 15 61 56 58 85 87 31 63 96 28 78 44 74 72 41 18 98 70 38 60 53 11 73 37 25 92 50 94 34 8 33 10 54 65 5 32 22 30 66 75 57 16 59 13 99 80 21 55 91 7 71 20 49 26 29 68 9 64 52 77 86 14 76 24 93 12 69 19 2 88 39 79 45 89 48 17 35 83 43 3 67 47
TEST 52 ARG:51 74 40 36 67 76 6 28 27 75 38 48 88 34 19 39 93 32 30 44 91 89 97 70 47 84 94 60 8 16 79 31 24 77 56 64 87 78 15 59 62 7 18 85 99 9 4 96 54 35 22 46 98 23 69 63 86 3 61 21 90 71 65 17 80 20 53 66 52 41 12 1 50 43 73 55 33 29 83 95 49 81 57 92 42 58 14 13 10 82 68 0 26 2 45 37 5 25 72 11
TEST 53 ARG:7 73 58 95 18 84 34 65 80 46 30 19 32 94 35 38 53 97 57 8 63 51 67 75 6 93 61 28 82 68 79 25 37 88 76 16 48 85 17 31 47 56 78 66 23 9 60 0 29 13 15 14 87 69 96 4 99 42 86 2 40 81 62 26 12 77 21 10 91 27 49 41 83 39 72 24 52 33 92 44 59 89 3 22 55 50 11 45 20 71 36 64 90 54 43 98 74 70 1 5
TEST 54 ARG:12 80 8 1 4 24 53 21 36 14 33 10 22 61 79 27 35 71 78 89 30 2 59 7 38 3 5 51 6 87 90 75 44 25 84 60 57 48 39 86 66 65 83 17 73 31 58 52 32 77 50 93 20 26 34 97 88 43 19 94 42 40 99 96 82 91 76 54 47 56 62 15 49 69 37 29 72 67 81 13 63 11 68 45 92 41 9 64 55 23 70 16 85 98 95 28 46 74 18 0
TEST 55 ARG:7 77 24 69 40 55 87 0 22 17 29 45 23 83 57 89 59 99 98 86 33 88 61 94 3 47 56 41 34 35 46 60 70 10 91 43 68 72 1 51 62 8 66 14 15 21 18 90 26 16 93 50 71 73 19 27 11 92 58 20 31 67 49 54 75 6 52 48 39 13 25 38 76 44 96 32 37 84 85 63 30 97 80 74 12 64 82 65 2 42 79 5 36 95 78 53 81 4 9 28
TEST 56 ARG:28 97 89 60 27 63 66 32 93 68 91 53 17 50 14 37 64 51 98 42 7 87 90 71 82 49 62 59 29 47 85 19 26 38 25 41 16 96 33 78 52 69 40 21 94 10 76 65 56 86 2 8 84 5 22 92 67 81 57 55 24 45 58 95 77 34 83 3 72 43 48 46 75 54 88 80 61 39 9 15 18 1 74 30 70 20 11 4 13 31 0 23 99 79 6 73 35 12 44 36
TEST 57 ARG:63 76 0 92 50 88 49 98 79 90 37 39 85 44 18 30 68 34 99 60 91 70 29 7 59 78 35 64 41 81 10 97 55 2 26 25 54 87 27 16 82 19 53 20 40 65 51 5 45 9 43 93 1 31 24 15 32 46 72 61 8 14 69 48 33 67 89 80 58 66 71 96 6 47 38 23 73 11 17 52 83 75 4 77 84 3 74 42 28 56 94 95 57 22 36 62 21 86 12 13
TEST 58 ARG:60 3 16 43 80 42 69 76 58 40 44 20 26 67 61 22 4 72 37 38 96 17 48 18 19 51 30 2 27 50 97 47 86 21 81 9 78 74 90 23 1 63 31 6 33 12 34 92 65 54 56 53 98 79 88 55 68 41 66 59 10 25 7 83 62 35 15 84 0 5 36 93 49 73 95 70 13 99 52 94 85 87 91 32 45 39 71 28 64 11 8 82 77 24 75 46 57 89 29 14
TEST 59 ARG:51 82 31 40 67 96 22 32 50 46 73 75 48 76 91 63 41 1 38 49 87 94 83 60 28 81 9 21 35 59 39 98 0 72 47 4 5 12 10 37 66 77 84 14 34 85 52 25 44 19 62 16 89 86 3 18 43 55 99 20 70 42 53 56 54 26 61 2 36 97 57 79 58 92 93 71 64 29 6 68 88 8 15 78 74 27 90 95 7 33 17 65 80 13 23 69 45 11 24 30
TEST 60 ARG:40 66 17 93 79 68 60 96 90 35 80 97 86 44 57 15 4 34 52 13 70 50 48 26 8 99 77 42 89 69 95 92 75 30 33 65 74 73 88 63 0 41 56 94 53 3 20 55 43 14 11 31 84 59 49 72 18 37 12 7 5 38 9 6 29 39 45 46 85 54 10 19 91 21 16 87 58 1 83 98 47 51 25 76 32 61 22 71 2 36 28 64 62 67 27 81 82 78 24 23
TEST 61 ARG:72 35 50 30 14 38 98 31 24 7 66 96 73 70 26 64 34 82 63 53 11 94 16 97 99 0 61 29 87 57 2 68 93 45 28 71 1 62 44 54 56 48 76 10 40 3 42 89 86 9 32 59 78 85 92 4 51 60 6 83 88 8 43 74 46 27 55 19 22 52 20 12 33 65 49 69 79 58 39 15 91 77 41 67 75 84 18 37 25 80 36 13 21 47 95 90 17 23 81 5
TEST 62 ARG:60 53 56 81 63 0 50 24 17 12 28 2 61 36 89 6 88 26 64 7 65 45 20 67 77 38 97 71 47 8 70 74 41 62 13 11 1 5 14 75 91 23 87 55 78 31 72 30 85 39 4 51 83 82 58 32 40 93 27 54 76 16 29 90 48 68 19 96 35 98 94 69 22 37 3 49 73 57 34 86 92 42 43 79 10 44 33 99 15 52 25 9 80 59 46 84 21 95 18 66
TEST 63 ARG:68 38 23 50 96 86 87 89 31 45 74 14 18 82 41 67 22 43 20 65 93 73 40 32 3 80 27 64 52 69 11 61 0 81 78 29 63 34 75 83 59 24 57 56 94 10 54 71 72 88 98 47 21 90 12 6 70 53 2 85 49 7 19 37 79 97 16 15 28 4 99 42 76 48 77 92 62 95 84 33 66 36 8 35 51 60 58 5 30 1 44 55 46 17 25 91 13 39 9 26
TEST 64 ARG:20 92 12 73 78 95 50 81 68 40 53 86 5 91 0 87 11 25 58 60 51 70 83 61 63 7 56 75 67 65 98 52 27 47 42 2 19 66 54 74 80 72 99 79 82 59 39 64 13 29 18 88 41 28 96 44 34 21 46 90 43 49 30 10 93 94 4 15 77 38 23 37 3 24 71 84 36 33 31 26 17 97 89 57 22 1 16 9 8 85 45 69 35 14 76 48 6 32 62 55
TEST 65 ARG:18 25 44 21 63 26 20 91 40 55 46 37 89 9 69 74 94 65 99 80 50 43 4 72 52 13 86 57 24 93 17 45 81 59 76 83 36 10 6 12 77 62 22 49 31 47 28 61 96 60 42 38 35 56 15 95 51 73 7 70 14 98 90 58 48 87 97 29 33 3 23 41 1 88 19 79 34 85 39 82 16 27 0 5 11 8 84 78 92 32 75 54 2 66 67 71 53 64 68 30
TEST 66 ARG:9 56 3 32 80 81 45 11 34 91 47 18 49 51 60 62 15 52 7 5 2 27 35 74 61 99 94 26 57 77 23 54 24 48 90 31 13 63 16 78 79 87 14 4 50 58 40 8 73 66 44 10 1 0 29 65 42 76 37 85 41 67 30 84 59 28 75 33 72 71 68 83 53 96 25 21 92 20 43 69 6 19 55 97 70 12 89 22 95 36 46 38 98 82 86 93 88 39 17 64
TEST 67 ARG:64 39 69 22 43 16 6 55 60 86 94 58 42 75 53 45 93 80 46 13 74 89 15 12 48 59 44 50 92 0 81 20 34 82 67 84 78 73 85 3 41 7 99 88 97 21 79 61 37 17 77 29 56 68 49 90 83 91 27 23 11 47 24 31 10 32 57 28 18 54 62 96 51 72 40 35 65 8 87 36 19 26 9 52 66 70 14 33 63 98 71 76 25 4 95 30 1 38 2 5
TEST 68 ARG:54 10 84 6 86 76 31 9 92 61 36 83 95 32 21 4 90 40 3 0 45 82 42 65 28 2 79 30 23 52 22 74 17 44 53 72 57 73 50 19 11 97 24 33 51 63 7 93 60 35 34 68 16 47 5 59 58 48 37 78 49 75 43 18 14 69 56 71 70 98 94 87 99 77 29 8 26 96 46 88 1 20 13 91 15 67 55 39 66 62 80 41 25 81 38 27 89 12 64 85
TEST 69 ARG:94 1 26 52 63 24 96 84 73 30 37 76 78 31 9 19 58 28 15 91 57 88 98 0 90 54 99 61 60 34 29 6 22 59 3 38 79 17 14 36 93 41 11 8 82 68 66 87 46 39 33 43 72 48 77 13 51 74 89 97 81 55 27 67 12 44 64 45 65 69 21 80 71 75 40 7 92 20 53 23 83 62 86 16 49 47 2 10 50 32 42 85 4 5 95 18 70 25 56 35
TEST 70 ARG:37 9 21 30 50 4 66 49 76 44 18 60 73 92 36 39 28 20 51 6 54 85 29 95 8 63 38 89 42 53 27 97 14 47 58 67 22 17 98 57 12 86 80 40 25 34 0 77 35 46 84 65 52 2 24 19 48 68 72 32 78 62 79 3 91 23 70 41 74 13 99 59 55 94 69 26 10 82 96 7 64 83 1 5 31 90 93 87 16 71 75 11 81 61 45 56 43 15 33 88
TEST 71 ARG:63 15 45 33 40 11 82 52 31 89 57 72 5 65 54 9 62 35 74 34 27 56 43 66 97 10 44 64 32 51 92 13 53 68 25 17 50 60 88 4 1 79 80 18 29 77 3 20 99 42 55 90 6 95 47 96 87 83 22 24 93 67 30 98 69 86 58 76 73 14 46 28 75 7 41 2 39 61 0 12 71 38 59 91 21 48 84 81 16 49 23 19 85 36 94 26 37 78 70 8
TEST 72 ARG:41 83 66 45 12 95 54 89 32 46 78 80 16 2 6 96 19 73 69 63 17 34 61 27 7 71 42 56 58 1 10 51 9 35 44 55 92 28 76 5 52 86 30 72 81 15 74 60 0 25 8 31 62 24 99 39 33 48 13 22 50 64 79 53 77 49 14 11 87 57 84 93 40 97 43 75 29 91 23 82 3 98 20 59 4 26 21 67 47 36 90 18 94 85 68 37 38 88 65 70
TEST 73 ARG:41 25 11 99 6 22 28 9 48 38 93 58 51 70 56 1 34 19 59 4 14 50 5 16 20 85 65 17 68 87 40 94 32 49 23 77 45 95 3 31 52 27 72 78 43 29 82 80 2 36 44 96 13 73 74 53 66 54 76 8 81 90 7 98 12 89 37 39 15 64 55 84 91 63 86 60 10 46 18 42 0 57 88 30 21 26 67 62 47 61 33 97 92 75 24 71 79 83 35 69
TEST 74 ARG:41 64 31 56 16 75 1 39 29 90 65 50 42 28 83 87 48 76 78 93 23 38 94 45 98 30 5 0 91 2 3 73 68 96 26 34 36 27 32 35 13 10 88 92 72 81 6 82 97 89 46 53 66 59 70 20 57 84 44 79 8 60 22 12 62 14 67 58 51 25 77 37 33 19 43 18 54 74 4 99 11 86 69 55 80 95 49 63 52 71 47 15 61 17 7 21 24 85 9 40
TEST 75 ARG:98 27 55 46 31 6 57 36 82 73 59 18 41 48 77 47 60 68 67 51 75 16 43 8 29 52 64 30 85 3 45 84 25 39 7 49 37 38 19 17 63 99 54 87 95 79 20 71 1 97 86 65 11 12 26 91 34 15 80 90 61 92 69 53 76 94 70 24 13 62 33 22 89 35 0 93 4 5 96 50 78 74 32 23 40 56 10 2 44 88 42 21 72 66 83 9 28 14 81 58
TEST 76 ARG:99 72 6 16 36 10 54 88 51 58 61 53 46 15 97 91 84 23 77 40 69 66 78 1 32 63 17 3 5 14 13 59 45 64 19 75 30 68 67 47 85 42 4 49 20 80 62 34 92 73 82 93 11 41 87 55 18 90 56 83 29 81 44 43 57 0 2 70 22 50 21 60 96 24 52 38 31 28 95 25 74 89 48 76 79 39 35 27 33 7 71 65 37 26 94 12 98 9 86 8
TEST 77 ARG:74 85 79 27 2 75 97 56 37 52 3 38 6 91 17 4 50 61 93 10 82 86 89 19 11 84 68 67 96 33 77 8 83 66 47 49 26 39 0 69 43 28 44 20 23 29 54 71 32 12 48 98 42 59 51 30 55 35 92 5 24 62 70 65 57 14 90 94 76 15 87 81 31 63 99 22 46 36 88 25 13 7 64 41 1 34 16 73 78 95 40 9 60 18 45 72 21 58 53 80
TEST 78 ARG:84 13 20 64 65 78 43 30 18 37 21 51 39 88 7 83 58 63 36 45 70 15 40 12 79 14 82 97 75 55 80 5 17 49 72 71 89 54 56 61 1 81 95 41 53 27 33 8 62 10 31 60 22 6 73 23 69 68 11 25 44 48 91 99 87 0 29 9 74 2 52 42 98 50 96 76 66 35 57 28 85 67 26 16 3 19 47 34 77 32 24 92 93 94 86 59 4 38 90 46
TEST 79 ARG:16 98 87 11 41 8 75 95 74 23 39 31 94 53 18 37 21 33 92 78 5 25 30 24 79 62 61 67 52 48 82 60 91 88 6 81 17 4 69 63 14 9 55 35 3 56 44 43 40 80 84 73 2 45 36 7 70 97 20 99 83 38 46 93 29 26 13 71 51 57 72 32 27 64 22 68 90 47 42 85 34 76 77 54 28 50 19 66 86 12 15 1 59 58 96 10 0 89 49 65
TEST 80 ARG:97 18 72 63 29 24 55 25 44 76 68 69 57 8 43 31 77 83 22 30 92 61 28 23 84 38 59 5 14 19 51 37 80 82 78 65 35 4 7 47 11 2 88 52 54 73 42 98 67 0 50 10 9 56 53 95 85 99 15 39 90 33 66 32 96 40 94 45 17 89 74 13 16 27 93 58 71 12 3 21 70 75 81 48 26 20 79 62 34 86 64 36 91 6 60 87 46 1 49 41
TEST 81 ARG:38 14 59 34 42 7 71 91 31 0 28 78 17 16 1 60 23 57 95 83 77 89 8 87 85 52 46 11 21 54 62 44 49 2 65 30 72 67 24 29 50 15 40 56 35 4 41 98 82 92 37 99 6 66 3 86 90 80 43 73 75 9 26 32 61 64 10 94 93 36 84 63 18 96 20 22 88 74 79 97 45 27 70 76 19 68 13 5 39 53 58 81 33 47 51 12 25 48 69 55
TEST 82 ARG:65 19 82 54 31 40 26 85 29 38 14 11 4 36 50 59 76 51 0 55 39 78 10 7 37 2 80 48 93 13 57 46 44 70 41 94 35 77 9 89 18 60 92 3 49 67 63 72 87 23 98 66 61 1 47 83 42 88 69 12 81 53 22 90 5 86 91 97 20 52 64 34 75 62 8 71 25 27 95 6 30 43 79 15 33 24 16 68 32 28 99 74 96 56 58 73 17 21 84 45
TEST 83 ARG:12 85 54 65 87 13 99 47 79 45 97 14 58 29 61 6 30 75 33 16 50 46 19 11 74 17 83 37 38 18 28 78 48 51 9 42 71 82 80 59 56 91 27 2 5 36 20 23 3 93 70 57 96 89 88 53 31 60 68 44 72 0 98 8 55 77 95 34 32 24 43 86 4 84 35 41 92 94 21 63 52 39 62 69 15 26 40 67 90 10 1 7 66 73 64 81 76 22 25 49
TEST 84 ARG:98 41 2 56 54 0 78 14 82 50 75 1 89 64 57 84 18 59 68 10 5 88 77 67 61 30 39 21 87 15 22 92 26 43 99 90 62 51 76 65 58 29 69 7 11 97 33 49 8 80 96 52 45 36 34 79 55 83 72 13 37 38 6 9 94 35 32 53 19 31 60 40 86 74 47 42 93 73 27 71 17 44 3 70 95 25 24 63 91 12 28 16 20 46 85 23 66 4 81 48
TEST 85 ARG:23 19 38 46 3 11 82 50 84 87 10 75 59 53 89 77 70 7 29 9 55 69 56 28 47 91 90 16 48 21 33 42 44 95 52 63 78 35 79 64 15 99 86 94 22 26 67 5 37 34 66 98 30 76 88 8 81 51 61 18 13 31 2 17 49 68 14 43 0 40 57 96 71 93 39 25 60 85 74 58 27 24 45 72 20 62 73 80 32 6 12 4 92 97 65 41 36 54 1 83
TEST 86 ARG:27 35 3 85 58 50 94 69 79 40 9 92 78 63 2 71 86 7 24 29 57 16 10 74 54 8 77 80 64 20 28 46 82 17 55 95 87 11 34 68 22 23 21 75 65 41 90 25 76 49 33 66 12 62 61 36 48 43 84 70 6 26 93 39 13 56 1 99 37 60 42 83 52 18 47 97 67 30 31 88 38 32 53 15 4 51 14 81 44 98 89 0 59 19 73 5 45 72 91 96
TEST 87 ARG:48 30 17 96 55 73 99 91 94 95 87 78 11 65 81 42 93 86 56 98 76 36 72 33 63 59 85 13 92 1 97 84 15 25 79 6 22 31 90 68 46 9 19 32 64 71 20 8 39 16 5 18 57 47 28 38 7 0 49 23 82 50 27 35 67 60 26 34 83 40 53 70 45 89 3 12 14 29 4 52 43 62 51 44 24 54 88 2 77 66 10 41 21 74 80 75 61 69 37 58
TEST 88 ARG:76 50 39 45 5 15 60 11 67 46 22 71 23 53 16 96 18 74 1 75 43 27 19 58 78 54 94 81 61 73 85 70 24 0 26 41 36 91 89 65 28 83 6 13 79 82 9 20 87 14 4 38 31 77 63 98 12 52 21 47 17 56 59 86 84 72 99 10 34 3 25 80 90 97 37 7 88 55 33 8 93 30 2 64 44 48 32 29 69 66 42 95 40 92 35 68 49 62 57 51
TEST 89 ARG:35 4 97 43 98 21 31 13 23 22 19 65 63 2 73 48 47 86 45 30 26 5 79 87 84 14 37 70 15 0 6 49 54 55 39 10 60 1 67 24 44 94 33 96 78 62 34 58 74 61 46 76 82 25 66 71 3 85 8 53 80 93 56 7 9 64 99 69 59 29 28 77 40 42 91 11 89 68 75 95 18 51 20 17 81 38 88 16 36 12 41 57 83 27 90 50 72 92 52 32
TEST 90 ARG:22 83 64 27 40 43 88 73 55 95 69 57 70 59 46 97 28 82 2 93 49 13 0 5 1 65 17 15 26 96 8 92 20 30 71 14 85 74 44 61 91 81 78 53 9 63 29 98 89 80 42 75 50 45 6 41 94 33 66 25 51 24 56 39 86 67 77 68 21 38 11 19 37 34 60 10 12 90 76 84 16 36 32 18 4 58 35 23 48 3 47 72 7 54 52 79 99 87 62 31
TEST 91 ARG:77 14 18 78 87 43 82 50 0 16 30 29 33 5 90 36 97 92 19 22 85 58 56 15 3 84 70 7 67 52 98 49 25 99 76 27 44 28 95 64 96 26 48 21 83 69 39 66 12 10 59 91 61 80 41 63 2 81 24 75 32 73 53 23 17 86 38 65 72 37 8 62 88 79 46 60 9 6 42 20 51 47 89 45 55 71 31 68 1 11 34 74 57 13 93 35 54 40 4 94
TEST 92 ARG:77 4 21 20 70 45 24 63 86 30 72 44 39 94 90 62 48 78 87 80 57 43 9 27 6 56 71 97 38 66 42 91 18 3 2 61 15 1 25 85 54 34 69 60 49 10 73 0 92 98 11 47 36 5 64 29 76 52 8 89 28 79 32 41 17 22 82 23 7 37 51 55 65 40 31 99 81 59 14 58 93 68 26 74 50 35 33 53 12 13 75 19 83 96 88 84 67 16 46 95
TEST 93 ARG:84 27 16 90 10 44 68 41 66 20 53 12 19 96 29 73 93 43 35 62 97 49 58 64 98 67 32 94 0 56 48 31 40 78 13 77 9 33 11 71 69 60 47 81 39 82 45 74 65 28 85 89 30 7 6 79 88 95 61 5 80 76 52 24 4 25 15 54 55 23 22 21 34 99 92 63 87 86 59 38 46 91 83 75 42 26 37 70 36 1 2 3 17 57 18 72 50 14 51 8
TEST 94 ARG:87 90 50 97 56 16 64 92 60 80 41 96 85 94 78 91 63 21 69 84 10 39 66 49 8 61 34 98 48 51 43 42 72 24 73 25 31 22 9 95 0 27 62 75 74 20 23 82 44 17 88 11 14 70 93 3 38 52 54 45 40 68 32 19 47 33 15 67 89 4 36 59 1 65 76 71 81 12 7 83 29 6 35 79 46 57 5 53 55 37 58 77 2 86 99 26 18 28 30 13
TEST 95 ARG:35 80 77 50 72 0 2 75 45 41 31 15 85 13 91 74 28 7 55 34 47 61 43 33 69 90 97 70 79 89 29 14 4 76 94 25 27 26 64 39 6 40 49 36 44 32 52 56 78 10 59 20 98 66 11 12 8 37 83 65 1 42 16 46 82 95 17 9 87 71 73 21 67 93 48 22 19 60 53 30 3 96 92 18 88 23 62 99 68 38 51 57 24 54 86 81 84 5 58 63
TEST 96 ARG:57 74 92 2 69 91 24 70 41 77 33 87 0 88 82 47 61 3 32 75 4 71 53 60 12 38 58 42 10 43 23 6 11 95 7 20 98 36 40 45 50 14 26 27 80 44 96 67 54 28 90 19 5 76 30 59 16 72 9 73 64 1 79 17 63 85 52 13 66 35 18 31 83 29 49 25 39 51 65 46 89 15 94 55 99 78 21 22 37 62 68 81 86 8 97 93 48 56 34 84
TEST 97 ARG:5 90 44 80 91 94 58 51 72 60 35 11 48 37 82 41 14 75 33 62 8 13 15 49 95 38 56 16 22 36 28 88 6 26 29 1 76 4 20 81 59 99 78 70 61 79 67 12 97 23 47 53 85 63 9 96 31 54 2 7 64 40 77 17 92 50 52 18 39 69 21 84 19 65 74 93 83 3 42 87 34 10 86 24 46 32 25 45 57 27 0 71 89 73 68 55 66 30 43 98
TEST 98 ARG:98 12 69 65 60 80 18 21 0 6 76 67 63 35 44 58 30 66 50 78 55 47 51 4 20 82 37 39 73 53 3 96 57 33 41 1 52 94 93 56 13 38 26 9 74 31 97 62 81 64 86 48 91 42 25 54 11 92 49 17 34 95 71 77 16 79 99 46 84 68 89 40 90 87 70 36 15 75 85 22 28 19 61 27 72 14 45 83 8 32 88 59 2 10 5 23 43 7 24 29
TEST 99 ARG:99 7 84 13 9 34 70 51 65 85 95 82 20 54 53 98 36 76 25 29 75 97 15 91 58 46 23 45 74 0 40 69 93 4 11 56 1 67 14 61 50 79 55 87 43 32 41 22 81 17 86 62 31 44 47 27 96 39 77 12 33 30 5 92 63 10 16 35 38 88 59 71 18 52 72 24 42 2 83 89 64 19 3 78 73 6 60 37 49 21 94 28 26 48 57 68 8 90 80 66
TEST 100 ARG:47 48 35 75 21 77 10 73 29 16 3 71 70 41 92 94 20 19 49 33 23 8 7 79 40 57 1 44 91 68 24 86 54 59 69 9 5 60 99 84 83 45 55 98 22 87 74 89 39 90 14 36 26 46 85 12 11 31 32 50 81 0 13 6 97 38 52 62 93 80 67 42 78 2 43 82 56 4 95 63 15 34 66 61 37 17 72 18 64 96 25 88 53 76 27 58 30 28 65 51
TEST 101 ARG:27 16 53 52 62 8 69 67 4 99 87 44 72 33 35 78 22 50 34 91 46 83 76 23 14 82 24 11 88 90 36 89 73 28 18 86 58 32 56 49 61 43 74 92 93 95 85 9 17 70 45 1 15 5 75 63 12 71 41 21 68 55 57 94 65 39 80 79 84 60 2 81 31 13 20 29 48 30 66 40 51 54 97 3 7 96 38 47 42 64 6 59 77 10 98 0 25 19 37 26
TEST 102 ARG:71 84 38 0 30 97 55 80 48 53 89 99 22 32 24 31 25 70 44 57 86 16 20 28 21 67 34 56 46 65 78 95 27 98 10 62 79 94 11 76 43 7 41 17 3 12 66 58 77 59 13 19 9 18 15 54 1 37 35 6 72 42 40 85 8 68 73 4 82 60 36 83 26 74 52 69 90 50 96 45 33 49 39 47 14 93 87 51 63 91 75 61 64 5 29 81 92 2 23 88
TEST 103 ARG:73 11 13 48 7 47 82 50 35 34 15 30 37 66 68 8 65 43 60 74 49 95 33 90 75 78 20 36 25 72 5 87 58 0 9 70 4 2 89 39 59 83 69 79 54 67 51 18 19 80 86 81 91 31 55 17 44 57 97 16 92 64 1 94 71 27 53 6 96 52 56 32 99 14 77 38 84 42 88 93 45 62 23 28 29 98 61 46 22 26 3 10 63 21 24 41 12 76 85 40
TEST 104 ARG:7 17 1 34 74 63 11 65 99 78 2 94 71 77 62 29 66 10 16 73 59 44 79 64 85 76 55 88 30 40 72 49 89 87 91 60 4 96 35 15 46 67 26 43 54 9 6 32 24 53 84 90 95 81 36 23 31 25 93 86 50 28 3 92 56 21 39 41 5 12 37 98 14 51 8 70 42 18 47 83 69 80 20 13 97 68 22 0 27 45 33 82 57 52 38 58 75 48 19 61
TEST 105 ARG:57 62 94 28 25 93 58 81 82 29 56 67 87 14 6 43 70 60 33 99 24 5 69 89 4 32 11 91 79 53 78 44 66 68 90 12 36 19 30 51 41 37 74 26 80 18 76 59 52 97 71 95 13 17 31 21 96 27 49 73 84 46 85 48 3 20 55 77 83 16 34 72 2 8 47 50 23 54 98 86 88 42 92 75 40 22 0 38 10 63 15 45 39 61 7 64 65 35 9 1
TEST 106 ARG:44 66 24 0 40 60 91 57 81 14 33 46 52 1 97 29 9 7 11 98 72 39 56 61 49 15 55 12 77 70 76 63 69 53 27 95 65 48 84 64 26 8 50 92 21 78 22 83 20 62 13 86 25 82 59 87 19 43 32 85 51 88 17 34 31 47 94 90 23 38 75 5 73 4 79 3 41 28 89 18 45 99 36 74 6 16 42 37 2 80 67 35 68 71 93 54 96 58 30 10
